20
1 3 9 -1 3 1 -2 7 0 -3 6 -4 -10 0 -4 -2 -1 -3 7 6
4 6 2 -9 -7 -1 -8 4 -10 0 1 -10 3 -8 -9 1 7 9 5 -10
7 7 9 6 -5 10 2 8 -1 -7 -1 -1 -9 3 5 5 4 5 -5 -4
6 -10 -8 -2 4 5 -10 -6 -4 6 -8 1 -5 6 -6 7 9 1 2 -6
-7 6 0 9 5 -4 1 3 5 8 -9 -8 4 6 -10 5 -3 -7 8 -4
-6 7 4 -8 7 9 8 -5 9 -8 8 5 -6 -1 -2 9 -2 -2 7 6
-5 -6 0 3 -6 1 -6 8 4 4 -5 10 3 -5 -3 7 6 0 1 -10
0 -7 5 8 10 8 -4 8 8 3 2 8 -2 0 -4 7 6 -10 0 6
7 -10 4 10 1 1 -6 7 5 10 3 4 9 -1 -1 -1 -10 10 -2 -6
-9 -8 -1 -1 -2 6 7 4 -9 5 9 -4 -9 -5 10 -9 -5 8 -5 2
3 9 -7 10 5 -3 -6 1 -1 -4 4 -1 0 8 6 -6 8 3 -4 -4
9 7 2 -9 -4 6 0 -5 5 -1 3 -10 -10 6 -9 -4 -10 -3 -9 3
4 10 4 -1 3 -9 6 7 -7 8 4 0 8 -2 -8 -9 -6 3 6 3
-7 8 5 -10 10 -1 -4 0 -5 -1 -5 -5 0 -1 8 -4 -9 1 10 2
6 9 6 2 1 -1 -4 4 -2 0 -9 10 8 7 4 9 -6 -9 -1 -6
0 1 -3 8 3 -10 7 5 9 -8 3 2 3 4 -5 -10 -10 6 -1 7
5 9 -10 -1 -4 0 4 10 -4 -4 0 -9 1 -1 0 2 -3 -3 -8 -4
-8 3 7 10 -1 -9 2 1 6 -5 -7 -3 -4 -2 0 6 3 -6 -6 5
-1 -1 -3 -6 -8 -5 -7 -3 -4 9 -2 6 3 4 -8 -3 5 9 0 0
9 -1 10 -2 2 -1 9 2 -6 -8 -1 -6 -10 2 -1 1 -10 -8 10 3
