88
|   1   3   9  -1   3   1  -2   7   0  -3   6  -4 -10   0  -4  -2  -1  -3   7   6 | * | 0.604530890512079 | ->    4
|   4   6   2  -9  -7  -1  -8   4 -10   0   1 -10   3  -8  -9   1   7   9   5 -10 | * | 0.405561409895839 | ->   -9
|   7   7   9   6  -5  10   2   8  -1  -7  -1  -1  -9   3   5   5   4   5  -5  -4 | * | -1.11016337586247 | ->   -5
|   6 -10  -8  -2   4   5 -10  -6  -4   6  -8   1  -5   6  -6   7   9   1   2  -6 | * | 0.486482549131558 | ->   -3
|  -7   6   0   9   5  -4   1   3   5   8  -9  -8   4   6 -10   5  -3  -7   8  -4 | * | -1.378489225713132 | ->   -8
|  -6   7   4  -8   7   9   8  -5   9  -8   8   5  -6  -1  -2   9  -2  -2   7   6 | * | -0.087273706632299 | ->    6
|  -5  -6   0   3  -6   1  -6   8   4   4  -5  10   3  -5  -3   7   6   0   1 -10 | * | -0.826106021431087 | ->   -6
|   0  -7   5   8  10   8  -4   8   8   3   2   8  -2   0  -4   7   6 -10   0   6 | * | -0.312694216683 | ->   -5
|   7 -10   4  10   1   1  -6   7   5  10   3   4   9  -1  -1  -1 -10  10  -2  -6 | * | 0.58583156692039 | ->   -3
|  -9  -8  -1  -1  -2   6   7   4  -9   5   9  -4  -9  -5  10  -9  -5   8  -5   2 | * | 0.355209729319918 | ->   -5
|   3   9  -7  10   5  -3  -6   1  -1  -4   4  -1   0   8   6  -6   8   3  -4  -4 | * | -0.169798934913116 | ->   -8
|   9   7   2  -9  -4   6   0  -5   5  -1   3 -10 -10   6  -9  -4 -10  -3  -9   3 | * | -0.074588246037079 | ->   -1
|   4  10   4  -1   3  -9   6   7  -7   8   4   0   8  -2  -8  -9  -6   3   6   3 | * | -0.444504027055437 | ->  -10
|  -7   8   5 -10  10  -1  -4   0  -5  -1  -5  -5   0  -1   8  -4  -9   1  10   2 | * | -0.735821802076047 | ->    2
|   6   9   6   2   1  -1  -4   4  -2   0  -9  10   8   7   4   9  -6  -9  -1  -6 | * | 0.892916230744061 | ->   -9
|   0   1  -3   8   3 -10   7   5   9  -8   3   2   3   4  -5 -10 -10   6  -1   7 | * | 0.82470978872181 | ->    2
|   5   9 -10  -1  -4   0   4  10  -4  -4   0  -9   1  -1   0   2  -3  -3  -8  -4 | * | -0.528089113714246 | ->   -2
|  -8   3   7  10  -1  -9   2   1   6  -5  -7  -3  -4  -2   0   6   3  -6  -6   5 | * | 0.355829412114988 | ->    4
|  -1  -1  -3  -6  -8  -5  -7  -3  -4   9  -2   6   3   4  -8  -3   5   9   0   0 | * | 1.217000379380412 | ->    5
|   9  -1  10  -2   2  -1   9   2  -6  -8  -1  -6 -10   2  -1   1 -10  -8  10   3 | * | 1.999772863251364 | ->    0
C h e c k e r _ M o d e :   O N 

E p s i l o n :   1 e - 0 5 

P r o g r a m _ R e s u l t : 

x 0   =   0 . 6 0 4 5 3 0 8 9 0 5 1 2 0 7 9
x 1   =   0 . 4 0 5 5 6 1 4 0 9 8 9 5 8 3 9
x 2   =   - 1 . 1 1 0 1 6 3 3 7 5 8 6 2 4 7
x 3   =   0 . 4 8 6 4 8 2 5 4 9 1 3 1 5 5 8
x 4   =   - 1 . 3 7 8 4 8 9 2 2 5 7 1 3 1 3 2
x 5   =   - 0 . 0 8 7 2 7 3 7 0 6 6 3 2 2 9 9
x 6   =   - 0 . 8 2 6 1 0 6 0 2 1 4 3 1 0 8 7
x 7   =   - 0 . 3 1 2 6 9 4 2 1 6 6 8 3
x 8   =   0 . 5 8 5 8 3 1 5 6 6 9 2 0 3 9
x 9   =   0 . 3 5 5 2 0 9 7 2 9 3 1 9 9 1 8
x 1 0   =   - 0 . 1 6 9 7 9 8 9 3 4 9 1 3 1 1 6
x 1 1   =   - 0 . 0 7 4 5 8 8 2 4 6 0 3 7 0 7 9
x 1 2   =   - 0 . 4 4 4 5 0 4 0 2 7 0 5 5 4 3 7
x 1 3   =   - 0 . 7 3 5 8 2 1 8 0 2 0 7 6 0 4 7
x 1 4   =   0 . 8 9 2 9 1 6 2 3 0 7 4 4 0 6 1
x 1 5   =   0 . 8 2 4 7 0 9 7 8 8 7 2 1 8 1
x 1 6   =   - 0 . 5 2 8 0 8 9 1 1 3 7 1 4 2 4 6
x 1 7   =   0 . 3 5 5 8 2 9 4 1 2 1 1 4 9 8 8
x 1 8   =   1 . 2 1 7 0 0 0 3 7 9 3 8 0 4 1 2
x 1 9   =   1 . 9 9 9 7 7 2 8 6 3 2 5 1 3 6 4


C h e c k e r _ R e s u l t : 

x 1   =   + 0 , 6 0 4 5 3 0 8 9 0 5 1 2 0 7 8
x 2   =   + 0 , 4 0 5 5 6 1 4 0 9 8 9 5 8 4 3
x 3   =   - 1 , 1 1 0 1 6 3 3 7 5 8 6 2 4 7 5
x 4   =   + 0 , 4 8 6 4 8 2 5 4 9 1 3 1 5 6 7
x 5   =   - 1 , 3 7 8 4 8 9 2 2 5 7 1 3 1 3 6
x 6   =   - 0 , 0 8 7 2 7 3 7 0 6 6 3 2 2 9 3
x 7   =   - 0 , 8 2 6 1 0 6 0 2 1 4 3 1 0 9 2
x 8   =   - 0 , 3 1 2 6 9 4 2 1 6 6 8 3 0 0 5
x 9   =   + 0 , 5 8 5 8 3 1 5 6 6 9 2 0 3 8 5
x 1 0   =   + 0 , 3 5 5 2 0 9 7 2 9 3 1 9 9 1 5
x 1 1   =   - 0 , 1 6 9 7 9 8 9 3 4 9 1 3 1 1 8
x 1 2   =   - 0 , 0 7 4 5 8 8 2 4 6 0 3 7 0 7 5
x 1 3   =   - 0 , 4 4 4 5 0 4 0 2 7 0 5 5 4 3 9
x 1 4   =   - 0 , 7 3 5 8 2 1 8 0 2 0 7 6 0 5 4
x 1 5   =   + 0 , 8 9 2 9 1 6 2 3 0 7 4 4 0 5 7
x 1 6   =   + 0 , 8 2 4 7 0 9 7 8 8 7 2 1 8 0 8
x 1 7   =   - 0 , 5 2 8 0 8 9 1 1 3 7 1 4 2 5 2
x 1 8   =   + 0 , 3 5 5 8 2 9 4 1 2 1 1 4 9 8 8
x 1 9   =   + 1 , 2 1 7 0 0 0 3 7 9 3 8 0 4 1 5
x 2 0   =   + 1 , 9 9 9 7 7 2 8 6 3 2 5 1 3 6 7


| 0 . 6 0 4 5 3 0 8 9 0 5 1 2 0 7 9   -   0 . 6 0 4 5 3 0 8 9 0 5 1 2 0 7 8 |   =   9 . 9 9 2 0 0 7 2 2 1 6 2 6 4 0 9 e - 1 6
| 0 . 4 0 5 5 6 1 4 0 9 8 9 5 8 3 9   -   0 . 4 0 5 5 6 1 4 0 9 8 9 5 8 4 3 |   =   3 . 9 9 6 8 0 2 8 8 8 6 5 0 5 6 3 5 e - 1 5
| - 1 . 1 1 0 1 6 3 3 7 5 8 6 2 4 7   -   - 1 . 1 1 0 1 6 3 3 7 5 8 6 2 4 7 5 |   =   4 . 8 8 4 9 8 1 3 0 8 3 5 0 6 8 9 e - 1 5
| 0 . 4 8 6 4 8 2 5 4 9 1 3 1 5 5 8   -   0 . 4 8 6 4 8 2 5 4 9 1 3 1 5 6 7 |   =   9 . 0 4 8 3 1 7 6 5 0 6 9 5 0 2 6 e - 1 5
| - 1 . 3 7 8 4 8 9 2 2 5 7 1 3 1 3 2   -   - 1 . 3 7 8 4 8 9 2 2 5 7 1 3 1 3 6 |   =   3 . 9 9 6 8 0 2 8 8 8 6 5 0 5 6 3 5 e - 1 5
| - 0 . 0 8 7 2 7 3 7 0 6 6 3 2 2 9 9   -   - 0 . 0 8 7 2 7 3 7 0 6 6 3 2 2 9 3 |   =   5 . 9 9 5 2 0 4 3 3 2 9 7 5 8 4 5 e - 1 5
| - 0 . 8 2 6 1 0 6 0 2 1 4 3 1 0 8 7   -   - 0 . 8 2 6 1 0 6 0 2 1 4 3 1 0 9 2 |   =   4 . 9 9 6 0 0 3 6 1 0 8 1 3 2 0 4 4 e - 1 5
| - 0 . 3 1 2 6 9 4 2 1 6 6 8 3   -   - 0 . 3 1 2 6 9 4 2 1 6 6 8 3 0 0 5 |   =   4 . 9 9 6 0 0 3 6 1 0 8 1 3 2 0 4 4 e - 1 5
| 0 . 5 8 5 8 3 1 5 6 6 9 2 0 3 9   -   0 . 5 8 5 8 3 1 5 6 6 9 2 0 3 8 5 |   =   4 . 9 9 6 0 0 3 6 1 0 8 1 3 2 0 4 4 e - 1 5
| 0 . 3 5 5 2 0 9 7 2 9 3 1 9 9 1 8   -   0 . 3 5 5 2 0 9 7 2 9 3 1 9 9 1 5 |   =   2 . 9 9 7 6 0 2 1 6 6 4 8 7 9 2 2 7 e - 1 5
| - 0 . 1 6 9 7 9 8 9 3 4 9 1 3 1 1 6   -   - 0 . 1 6 9 7 9 8 9 3 4 9 1 3 1 1 8 |   =   1 . 9 9 8 4 0 1 4 4 4 3 2 5 2 8 1 8 e - 1 5
| - 0 . 0 7 4 5 8 8 2 4 6 0 3 7 0 7 9   -   - 0 . 0 7 4 5 8 8 2 4 6 0 3 7 0 7 5 |   =   3 . 9 9 6 8 0 2 8 8 8 6 5 0 5 6 3 5 e - 1 5
| - 0 . 4 4 4 5 0 4 0 2 7 0 5 5 4 3 7   -   - 0 . 4 4 4 5 0 4 0 2 7 0 5 5 4 3 9 |   =   1 . 9 9 8 4 0 1 4 4 4 3 2 5 2 8 1 8 e - 1 5
| - 0 . 7 3 5 8 2 1 8 0 2 0 7 6 0 4 7   -   - 0 . 7 3 5 8 2 1 8 0 2 0 7 6 0 5 4 |   =   6 . 9 9 4 4 0 5 0 5 5 1 3 8 4 8 6 e - 1 5
| 0 . 8 9 2 9 1 6 2 3 0 7 4 4 0 6 1   -   0 . 8 9 2 9 1 6 2 3 0 7 4 4 0 5 7 |   =   3 . 9 9 6 8 0 2 8 8 8 6 5 0 5 6 3 5 e - 1 5
| 0 . 8 2 4 7 0 9 7 8 8 7 2 1 8 1   -   0 . 8 2 4 7 0 9 7 8 8 7 2 1 8 0 8 |   =   1 . 9 9 8 4 0 1 4 4 4 3 2 5 2 8 1 8 e - 1 5
| - 0 . 5 2 8 0 8 9 1 1 3 7 1 4 2 4 6   -   - 0 . 5 2 8 0 8 9 1 1 3 7 1 4 2 5 2 |   =   5 . 9 9 5 2 0 4 3 3 2 9 7 5 8 4 5 e - 1 5
| 0 . 3 5 5 8 2 9 4 1 2 1 1 4 9 8 8   -   0 . 3 5 5 8 2 9 4 1 2 1 1 4 9 8 8 |   =   0 . 0
| 1 . 2 1 7 0 0 0 3 7 9 3 8 0 4 1 2   -   1 . 2 1 7 0 0 0 3 7 9 3 8 0 4 1 5 |   =   2 . 8 8 6 5 7 9 8 6 4 0 2 5 4 0 7 e - 1 5
| 1 . 9 9 9 7 7 2 8 6 3 2 5 1 3 6 4   -   1 . 9 9 9 7 7 2 8 6 3 2 5 1 3 6 7 |   =   2 . 8 8 6 5 7 9 8 6 4 0 2 5 4 0 7 e - 1 5
M a x :   9 . 0 4 8 3 1 7 6 5 0 6 9 5 0 2 6 e - 1 5

 S u c c e s s f u l ,   t h e   d e c i s i o n   i s   c o r r e c t !
